0.358695
0.158787
0.123811
0.104872
0.093996
0.085878
0.078843
0.075998
0.072123
0.067105
0.065519
0.062240
0.061212
0.059122
0.055257
0.054907
0.053870
0.053019
0.051127
0.047848
0.048172
0.047526
0.047283
0.045935
0.046207
0.045000
0.044116
0.044176
0.041957
0.043746
0.042796
0.042104
0.043174
0.041172
0.040570
0.042230
0.039065
0.039379
0.039052
0.038713
0.039268
0.038616
0.037452
0.034732
0.037586
0.033957
0.036758
0.037306
0.038463
0.037314
0.036928
0.037475
0.036592
0.035550
0.034629
0.038647
0.035507
0.037338
0.037009
0.036557
0.036882
0.035188
0.036472
0.034805
0.035690
0.032989
0.036506
0.035447
0.034559
0.036567
0.034744
0.034897
0.034312
0.034376
0.035176
0.032284
0.036420
0.034127
0.035111
0.033861
0.034512
0.034200
0.034930
0.034519
0.032411
0.033500
0.032827
0.034177
0.034712
0.033815
0.035061
0.034558
0.032728
0.033126
0.033529
0.032991
0.031723
0.033414
0.033839
0.032277
