0.447377
0.179028
0.129676
0.106146
0.088105
0.077609
0.068719
0.065124
0.058837
0.055959
0.049545
0.047798
0.046693
0.044508
0.042471
0.040401
0.037806
0.040115
0.036808
0.036474
0.037004
0.035432
0.035367
0.032991
0.033107
0.032611
0.034006
0.032294
0.031679
0.032994
0.031417
0.032419
0.032754
0.031390
0.030859
0.031830
0.030559
0.029984
0.032071
0.030709
0.031619
0.028442
0.029180
0.030907
0.028741
0.028512
0.028270
0.030154
0.028718
0.029259
0.031141
0.029409
0.027011
0.029065
0.028384
0.028087
0.028663
0.027634
0.026668
0.027493
0.027032
0.027317
0.028990
0.028863
0.028153
0.027435
0.025869
0.027887
0.027312
0.029326
0.027946
0.026035
0.026444
0.026780
0.025270
0.027976
0.026219
0.026606
0.027995
0.027793
0.027480
0.028902
0.025843
0.026050
0.026957
0.025640
0.025841
0.026036
0.025592
0.026630
0.026113
0.027183
0.025238
0.025867
0.025966
0.024788
0.024460
0.025687
0.025725
0.024849
